[
    {
        "LLC_load_misses_var": 863735176117.1902, 
        "LLC_loads_var": 11131961979114.148, 
        "LLC_load_misses_mean": 21382442.1, 
        "cache_misses_mean": 630411138.8, 
        "LLC_store_misses_mean": 168354744.05, 
        "cache_misses_var": 157027219051250.06, 
        "LLC_loads_mean": 98443719.95, 
        "L1_dcache_stores_mean": 7084782111.35, 
        "L1_dcache_load_misses_mean": 3198023192.45, 
        "L1_dcache_load_misses_var": 9798189664689476.0, 
        "cache_references_var": 534456652239881.6, 
        "L1_dcache_loads_mean": 47075504962.4, 
        "size": 6713833, 
        "accuracy": 0.986299991607666, 
        "L1_dcache_stores_var": 105137878245895.12, 
        "LLC_store_misses_var": 3388557247307.9473, 
        "path": "CNNs/mnist_models/net_serializations/big_conv_small_fc/output_graph.pb", 
        "cache_references_mean": 1139795915.0, 
        "name": "big_conv_small_fc", 
        "quantized": false, 
        "test_time_var": 0.0003376369934223999, 
        "L1_dcache_loads_var": 920933612200123.4, 
        "test_time_mean": 1.29166856
    }, 
    {
        "LLC_load_misses_var": 5392517940332.3, 
        "LLC_loads_var": 13546303546859.229, 
        "LLC_load_misses_mean": 42845045.0, 
        "cache_misses_mean": 542911602.6, 
        "LLC_store_misses_mean": 93145468.1, 
        "cache_misses_var": 872549492316944.2, 
        "LLC_loads_mean": 151561310.35, 
        "L1_dcache_stores_mean": 5145611782.85, 
        "L1_dcache_load_misses_mean": 2382222101.85, 
        "L1_dcache_load_misses_var": 53248107995228.92, 
        "cache_references_var": 353588749414301.94, 
        "L1_dcache_loads_mean": 26819459489.65, 
        "size": 1688267, 
        "accuracy": 0.9854999780654907, 
        "L1_dcache_stores_var": 265420381887284.9, 
        "LLC_store_misses_var": 10120667186413.99, 
        "path": "CNNs/mnist_models/net_serializations/big_conv_small_fc/quantized_graph.pb", 
        "cache_references_mean": 1289792395.05, 
        "name": "big_conv_small_fc_quant", 
        "quantized": true, 
        "test_time_var": 0.0011092856727703989, 
        "L1_dcache_loads_var": 1579771225403586.2, 
        "test_time_mean": 1.89276296
    }
]