[
    {
        "LLC_load_misses_var": 8651334904299.927, 
        "LLC_loads_var": 35044521501444.258, 
        "LLC_load_misses_mean": 32198458.35, 
        "cache_misses_mean": 275676529.65, 
        "LLC_store_misses_mean": 60357199.85, 
        "cache_misses_var": 128388402975148.62, 
        "LLC_loads_mean": 109646531.8, 
        "L1_dcache_stores_mean": 1596291494.8, 
        "L1_dcache_load_misses_mean": 2453792361.25, 
        "L1_dcache_load_misses_var": 1.1710124346756536e+16, 
        "cache_references_var": 894547301534316.8, 
        "L1_dcache_loads_mean": 15871863895.9, 
        "size": 51446230, 
        "accuracy": 0.984499990940094, 
        "L1_dcache_stores_var": 187095717485165.34, 
        "LLC_store_misses_var": 4476750386422.627, 
        "path": "CNNs/mnist_models/net_serializations/small_conv_big_fc/output_graph.pb", 
        "cache_references_mean": 689865332.25, 
        "name": "small_conv_big_fc", 
        "quantized": false, 
        "test_time_var": 0.0008346810095089996, 
        "L1_dcache_loads_var": 2258146402627567.0, 
        "test_time_mean": 0.44570490000000007
    }, 
    {
        "LLC_load_misses_var": 857454064689.8275, 
        "LLC_loads_var": 10189257798217.229, 
        "LLC_load_misses_mean": 23732500.35, 
        "cache_misses_mean": 490920032.45, 
        "LLC_store_misses_mean": 56046116.8, 
        "cache_misses_var": 222848063520633.03, 
        "LLC_loads_mean": 82441862.65, 
        "L1_dcache_stores_mean": 2459691799.2, 
        "L1_dcache_load_misses_mean": 1267826433.95, 
        "L1_dcache_load_misses_var": 437988237166445.75, 
        "cache_references_var": 201341778257438.56, 
        "L1_dcache_loads_mean": 14456398869.9, 
        "size": 12889585, 
        "accuracy": 0.9847999811172485, 
        "L1_dcache_stores_var": 248896241806163.34, 
        "LLC_store_misses_var": 13142481073176.96, 
        "path": "CNNs/mnist_models/net_serializations/small_conv_big_fc/quantized_graph.pb", 
        "cache_references_mean": 879614879.55, 
        "name": "small_conv_big_fc_quant", 
        "quantized": true, 
        "test_time_var": 0.004610543757785278, 
        "L1_dcache_loads_var": 1855334227118789.2, 
        "test_time_mean": 1.1233088649999998
    }
]