[
    {
        "LLC_load_misses_var": 59548093175.847496, 
        "LLC_loads_var": 425915887307.12756, 
        "LLC_load_misses_mean": 2682544.55, 
        "cache_misses_mean": 15667089.8, 
        "LLC_store_misses_mean": 3760536.7, 
        "cache_misses_var": 3962579121372.56, 
        "LLC_loads_mean": 8693728.85, 
        "L1_dcache_stores_mean": 55631895.95, 
        "L1_dcache_load_misses_mean": 221813084.35, 
        "L1_dcache_load_misses_var": 77058293025071.14, 
        "cache_references_var": 7604999435567.0, 
        "L1_dcache_loads_mean": 1126807876.15, 
        "size": 5163450, 
        "accuracy": 0.9542999863624573, 
        "L1_dcache_stores_var": 38018754630168.65, 
        "LLC_store_misses_var": 695363757103.3099, 
        "path": "CNNs/mnist_models/net_serializations/3fc/output_graph.pb", 
        "cache_references_mean": 54077682.0, 
        "name": "mnist_net_3FC", 
        "quantized": false, 
        "test_time_var": 2.9843273744999976e-06, 
        "L1_dcache_loads_var": 403826802717239.0, 
        "test_time_mean": 0.03608755
    }, 
    {
        "LLC_load_misses_var": 151029544434.74, 
        "LLC_loads_var": 5695386167380.311, 
        "LLC_load_misses_mean": 1697559.4, 
        "cache_misses_mean": 24604710.35, 
        "LLC_store_misses_mean": 4355356.55, 
        "cache_misses_var": 5696240895880.928, 
        "LLC_loads_mean": 6659929.3, 
        "L1_dcache_stores_mean": 160443158.7, 
        "L1_dcache_load_misses_mean": 71617766.15, 
        "L1_dcache_load_misses_var": 16284719115608.828, 
        "cache_references_var": 11481548774355.36, 
        "L1_dcache_loads_mean": 1105605058.8, 
        "size": 1300751, 
        "accuracy": 0.953499972820282, 
        "L1_dcache_stores_var": 98494446371269.4, 
        "LLC_store_misses_var": 1346530976999.9475, 
        "path": "CNNs/mnist_models/net_serializations/3fc/quantized_graph.pb", 
        "cache_references_mean": 56458205.8, 
        "name": "mnist_net_3FC_quant", 
        "quantized": true, 
        "test_time_var": 1.876915195100002e-06, 
        "L1_dcache_loads_var": 852303778389471.4, 
        "test_time_mean": 0.08320273
    }
]