[
    {
        "LLC_load_misses_var": 824339049516.8099, 
        "LLC_loads_var": 6998841962487.74, 
        "LLC_load_misses_mean": 16700300.3, 
        "cache_misses_mean": 409005025.9, 
        "LLC_store_misses_mean": 128091005.75, 
        "cache_misses_var": 41042082733593.09, 
        "LLC_loads_mean": 83759388.4, 
        "L1_dcache_stores_mean": 3047578672.95, 
        "L1_dcache_load_misses_mean": 2201087934.75, 
        "L1_dcache_load_misses_var": 1266324529753504.8, 
        "cache_references_var": 519640431417498.0, 
        "L1_dcache_loads_mean": 21960162969.95, 
        "size": 13101067, 
        "accuracy": 0.9653000235557556, 
        "L1_dcache_stores_var": 139431247741715.16, 
        "LLC_store_misses_var": 1870834043695.5874, 
        "path": "CNNs/mnist_models/net_serializations/2conv_2fc/output_graph.pb", 
        "cache_references_mean": 806160335.6, 
        "name": "mnist_net_2conv_2Fc", 
        "quantized": false, 
        "test_time_var": 0.005682248383863, 
        "L1_dcache_loads_var": 1126049596062338.8, 
        "test_time_mean": 0.6301311999999999
    }, 
    {
        "LLC_load_misses_var": 3928377494089.128, 
        "LLC_loads_var": 11096196042371.45, 
        "LLC_load_misses_mean": 39464262.35, 
        "cache_misses_mean": 697736296.8, 
        "LLC_store_misses_mean": 81798322.95, 
        "cache_misses_var": 1036252392616057.8, 
        "LLC_loads_mean": 127965181.45, 
        "L1_dcache_stores_mean": 3962585462.0, 
        "L1_dcache_load_misses_mean": 1561527166.0, 
        "L1_dcache_load_misses_var": 220333075623927.6, 
        "cache_references_var": 411284388402313.8, 
        "L1_dcache_loads_mean": 18737734716.85, 
        "size": 3286666, 
        "accuracy": 0.9638000130653381, 
        "L1_dcache_stores_var": 332667160657147.9, 
        "LLC_store_misses_var": 11553799055680.648, 
        "path": "CNNs/mnist_models/net_serializations/2conv_2fc/quantized_graph.pb", 
        "cache_references_mean": 1203170099.6, 
        "name": "mnist_net_2conv_2Fc_quant", 
        "quantized": true, 
        "test_time_var": 0.017311892836062003, 
        "L1_dcache_loads_var": 2109983649397487.2, 
        "test_time_mean": 1.3771139
    }
]