[
    {
        "LLC_load_misses_var": 295524761693.41, 
        "LLC_loads_var": 4594135335590.128, 
        "LLC_load_misses_mean": 16044539.3, 
        "cache_misses_mean": 401775885.5, 
        "LLC_store_misses_mean": 127096851.8, 
        "cache_misses_var": 5007763177184.15, 
        "LLC_loads_mean": 81381681.65, 
        "L1_dcache_stores_mean": 3047346880.85, 
        "L1_dcache_load_misses_mean": 2175839846.85, 
        "L1_dcache_load_misses_var": 799860735361257.2, 
        "cache_references_var": 105886949660272.1, 
        "L1_dcache_loads_mean": 21950840441.45, 
        "size": 13101067, 
        "accuracy": 0.9653000235557556, 
        "L1_dcache_stores_var": 58339815482175.414, 
        "LLC_store_misses_var": 3358715578132.1597, 
        "path": "CNNs/mnist_models/net_serializations/2conv_2fc/output_graph.pb", 
        "cache_references_mean": 785818076.9, 
        "name": "mnist_net_2conv_2Fc", 
        "quantized": false, 
        "test_time_var": 1.010656203066275e-09, 
        "L1_dcache_loads_var": 945173624651549.8, 
        "test_time_mean": 0.0006382601650000001
    }, 
    {
        "LLC_load_misses_var": 2461734367703.548, 
        "LLC_loads_var": 9922981432577.291, 
        "LLC_load_misses_mean": 37148596.95, 
        "cache_misses_mean": 706405754.35, 
        "LLC_store_misses_mean": 83426588.0, 
        "cache_misses_var": 267840279374112.56, 
        "LLC_loads_mean": 127948946.1, 
        "L1_dcache_stores_mean": 3961806427.2, 
        "L1_dcache_load_misses_mean": 1571810939.85, 
        "L1_dcache_load_misses_var": 122518842035299.03, 
        "cache_references_var": 186038304291940.2, 
        "L1_dcache_loads_mean": 18721955914.3, 
        "size": 3286666, 
        "accuracy": 0.9638000130653381, 
        "L1_dcache_stores_var": 577842109121622.6, 
        "LLC_store_misses_var": 8217314391741.8, 
        "path": "CNNs/mnist_models/net_serializations/2conv_2fc/quantized_graph.pb", 
        "cache_references_mean": 1200988995.75, 
        "name": "mnist_net_2conv_2Fc_quant", 
        "quantized": true, 
        "test_time_var": 5.7809855978254805e-09, 
        "L1_dcache_loads_var": 2507685477057138.5, 
        "test_time_mean": 0.001385604295
    }
]