[
    {
        "LLC_load_misses_var": 1465525835798.8276, 
        "LLC_loads_var": 22093029121160.047, 
        "LLC_load_misses_mean": 62231388.85, 
        "cache_misses_mean": 862489829.15, 
        "LLC_store_misses_mean": 188897782.45, 
        "cache_misses_var": 28874342525183.824, 
        "LLC_loads_mean": 317799037.45, 
        "L1_dcache_stores_mean": 4747742544.35, 
        "L1_dcache_load_misses_mean": 8649872940.3, 
        "L1_dcache_load_misses_var": 4.390507902255619e+16, 
        "cache_references_var": 1786103770100204.0, 
        "L1_dcache_loads_mean": 64695357481.4, 
        "size": 60651480, 
        "accuracy": 0.9836999773979187, 
        "L1_dcache_stores_var": 74331284363800.03, 
        "LLC_store_misses_var": 8310172549974.248, 
        "path": "CNNs/mnist_models/net_serializations/big_2conv_3fc/output_graph.pb", 
        "cache_references_mean": 2238076893.15, 
        "name": "big_2_conv_3fc", 
        "quantized": false, 
        "test_time_var": 0.00013415322886989951, 
        "L1_dcache_loads_var": 2314987722348940.5, 
        "test_time_mean": 1.58200339
    }, 
    {
        "LLC_load_misses_var": 12962975685122.746, 
        "LLC_loads_var": 302269325892402.94, 
        "LLC_load_misses_mean": 87816642.05, 
        "cache_misses_mean": 1840167483.5, 
        "LLC_store_misses_mean": 148704956.6, 
        "cache_misses_var": 436735347520026.5, 
        "LLC_loads_mean": 299974739.8, 
        "L1_dcache_stores_mean": 8194177985.95, 
        "L1_dcache_load_misses_mean": 5068578039.85, 
        "L1_dcache_load_misses_var": 107988742316473.12, 
        "cache_references_var": 8005878062746178.0, 
        "L1_dcache_loads_mean": 52235956599.1, 
        "size": 15182552, 
        "accuracy": 0.982200026512146, 
        "L1_dcache_stores_var": 1407289772956144.2, 
        "LLC_store_misses_var": 8105020561762.94, 
        "path": "CNNs/mnist_models/net_serializations/big_2conv_3fc/quantized_graph.pb", 
        "cache_references_mean": 3071236858.65, 
        "name": "big_2_conv_3fc_quant", 
        "quantized": true, 
        "test_time_var": 0.001673334479706272, 
        "L1_dcache_loads_var": 5903144278335462.0, 
        "test_time_mean": 4.077501935000001
    }
]