[
    {
        "LLC_load_misses_var": 310985721570.0899, 
        "LLC_loads_var": 3194094535086.327, 
        "LLC_load_misses_mean": 24467193.9, 
        "cache_misses_mean": 632895302.0, 
        "LLC_store_misses_mean": 179869700.45, 
        "cache_misses_var": 22517012066502.9, 
        "LLC_loads_mean": 113375100.85, 
        "L1_dcache_stores_mean": 3742236977.75, 
        "L1_dcache_load_misses_mean": 2436952611.15, 
        "L1_dcache_load_misses_var": 1221514605642785.0, 
        "cache_references_var": 134889890636347.08, 
        "L1_dcache_loads_mean": 30119457089.75, 
        "size": 3002517, 
        "accuracy": 0.6816999912261963, 
        "L1_dcache_stores_var": 261718525952932.56, 
        "LLC_store_misses_var": 2312858830677.847, 
        "path": "CNNs/cifar10_models/net_serialization/2conv_2fc_da/output_graph.pb", 
        "cache_references_mean": 1140198444.1, 
        "name": "cifar10_net", 
        "quantized": false, 
        "test_time_var": 1.2588660498254002e-08, 
        "L1_dcache_loads_var": 1984887979489741.2, 
        "test_time_mean": 0.0006905613
    }, 
    {
        "LLC_load_misses_var": 7477911596605.388, 
        "LLC_loads_var": 32177710561663.664, 
        "LLC_load_misses_mean": 63305176.75, 
        "cache_misses_mean": 811261770.0, 
        "LLC_store_misses_mean": 168266687.6, 
        "cache_misses_var": 269997716047816.2, 
        "LLC_loads_mean": 205714920.2, 
        "L1_dcache_stores_mean": 6993416512.9, 
        "L1_dcache_load_misses_mean": 2280942327.9, 
        "L1_dcache_load_misses_var": 25961465014187.09, 
        "cache_references_var": 184011638020811.06, 
        "L1_dcache_loads_mean": 32795287165.45, 
        "size": 769167, 
        "accuracy": 0.67330002784729, 
        "L1_dcache_stores_var": 718674521839213.5, 
        "LLC_store_misses_var": 9031578774775.441, 
        "path": "CNNs/cifar10_models/net_serialization/2conv_2fc_da/quantized_graph.pb", 
        "cache_references_mean": 1808395202.75, 
        "name": "cifar10_net_quant", 
        "quantized": true, 
        "test_time_var": 8.988194249876427e-08, 
        "L1_dcache_loads_var": 3449938007417729.0, 
        "test_time_mean": 0.001550083385
    }
]