[
    {
        "LLC_load_misses_var": 189230532423.94748, 
        "LLC_loads_var": 9065064610519.16, 
        "LLC_load_misses_mean": 24609617.95, 
        "cache_misses_mean": 631547134.0, 
        "LLC_store_misses_mean": 180298410.1, 
        "cache_misses_var": 27147448881756.6, 
        "LLC_loads_mean": 114675460.2, 
        "L1_dcache_stores_mean": 3740353328.55, 
        "L1_dcache_load_misses_mean": 2377958344.4, 
        "L1_dcache_load_misses_var": 2894665824335722.5, 
        "cache_references_var": 515201254289508.1, 
        "L1_dcache_loads_mean": 30116280738.65, 
        "size": 3002517, 
        "accuracy": 0.798799991607666, 
        "L1_dcache_stores_var": 193138556626070.94, 
        "LLC_store_misses_var": 3130142983230.19, 
        "path": "CNNs/cifar10_models/net_serialization/2conv_2fc_da/output_graph.pb", 
        "cache_references_mean": 1141003327.5, 
        "name": "cifar10_net_da", 
        "quantized": false, 
        "test_time_var": 0.006237977131294875, 
        "L1_dcache_loads_var": 2447768316780629.0, 
        "test_time_mean": 0.640216925
    }, 
    {
        "LLC_load_misses_var": 9072118701118.559, 
        "LLC_loads_var": 23057438177015.15, 
        "LLC_load_misses_mean": 62683924.2, 
        "cache_misses_mean": 799224897.25, 
        "LLC_store_misses_mean": 166793709.15, 
        "cache_misses_var": 296344294090580.5, 
        "LLC_loads_mean": 204879920.55, 
        "L1_dcache_stores_mean": 6991017543.0, 
        "L1_dcache_load_misses_mean": 2276655179.15, 
        "L1_dcache_load_misses_var": 69956388641321.64, 
        "cache_references_var": 879293654756546.2, 
        "L1_dcache_loads_mean": 32793294338.55, 
        "size": 769167, 
        "accuracy": 0.7912999987602234, 
        "L1_dcache_stores_var": 345361697143665.3, 
        "LLC_store_misses_var": 25105564631496.93, 
        "path": "CNNs/cifar10_models/net_serialization/2conv_2fc_da/quantized_graph.pb", 
        "cache_references_mean": 1802185071.55, 
        "name": "cifar10_net_da_quant", 
        "quantized": true, 
        "test_time_var": 0.004656498503469596, 
        "L1_dcache_loads_var": 5526851738212442.0, 
        "test_time_mean": 1.3656927199999997
    }
]