[
    {
        "LLC_load_misses_var": 110746756063.98999, 
        "LLC_loads_var": 5273221891772.248, 
        "LLC_load_misses_mean": 23972007.9, 
        "cache_misses_mean": 633059198.5, 
        "LLC_store_misses_mean": 179991746.45, 
        "cache_misses_var": 5720134606668.85, 
        "LLC_loads_mean": 113302658.45, 
        "L1_dcache_stores_mean": 3734507101.25, 
        "L1_dcache_load_misses_mean": 2460593841.6, 
        "L1_dcache_load_misses_var": 1121381933185325.0, 
        "cache_references_var": 246795594715300.0, 
        "L1_dcache_loads_mean": 30114298587.3, 
        "size": 3001042, 
        "accuracy": 0.623199999332428, 
        "L1_dcache_stores_var": 210922491355448.2, 
        "LLC_store_misses_var": 2681711469815.1475, 
        "path": "CNNs/cifar10_models/net_serialization/2conv11_2fc/output_graph.pb", 
        "cache_references_mean": 1139451881.05, 
        "name": "cifar10_net", 
        "quantized": false, 
        "test_time_var": 7.970281058827512e-11, 
        "L1_dcache_loads_var": 1356466808581115.5, 
        "test_time_mean": 0.0008533477350000001
    }, 
    {
        "LLC_load_misses_var": 1493329746841.2102, 
        "LLC_loads_var": 10696042774312.85, 
        "LLC_load_misses_mean": 64229816.3, 
        "cache_misses_mean": 831269761.85, 
        "LLC_store_misses_mean": 167098732.65, 
        "cache_misses_var": 295269162097579.3, 
        "LLC_loads_mean": 205871763.5, 
        "L1_dcache_stores_mean": 7007700108.65, 
        "L1_dcache_load_misses_mean": 2276235675.4, 
        "L1_dcache_load_misses_var": 42997154688694.04, 
        "cache_references_var": 173320941216718.62, 
        "L1_dcache_loads_mean": 32825297742.0, 
        "size": 765245, 
        "accuracy": 0.6190000176429749, 
        "L1_dcache_stores_var": 839582316255900.8, 
        "LLC_store_misses_var": 12312477754881.727, 
        "path": "CNNs/cifar10_models/net_serialization/2conv11_2fc/quantized_graph.pb", 
        "cache_references_mean": 1798403755.45, 
        "name": "cifar10_net_quant", 
        "quantized": true, 
        "test_time_var": 9.364340137012715e-10, 
        "L1_dcache_loads_var": 2283080337762716.5, 
        "test_time_mean": 0.0019999277349999995
    }
]