[
    {
        "LLC_load_misses_var": 297058701513.9476, 
        "LLC_loads_var": 2106376576878.65, 
        "LLC_load_misses_mean": 24199289.55, 
        "cache_misses_mean": 634188203.35, 
        "LLC_store_misses_mean": 180879650.05, 
        "cache_misses_var": 24062909047178.227, 
        "LLC_loads_mean": 112430920.5, 
        "L1_dcache_stores_mean": 3743140925.8, 
        "L1_dcache_load_misses_mean": 2414674044.1, 
        "L1_dcache_load_misses_var": 2233684592637971.2, 
        "cache_references_var": 208050446072540.2, 
        "L1_dcache_loads_mean": 30138429875.75, 
        "size": 3001042, 
        "accuracy": 0.623199999332428, 
        "L1_dcache_stores_var": 235981849321564.66, 
        "LLC_store_misses_var": 3518129694640.8467, 
        "path": "CNNs/cifar10_models/net_serialization/2conv11_2fc/output_graph.pb", 
        "cache_references_mean": 1132006734.3, 
        "name": "cifar10_net_conv11", 
        "quantized": false, 
        "test_time_var": 0.0007877567696318987, 
        "L1_dcache_loads_var": 880800922219956.9, 
        "test_time_mean": 0.8571634100000001
    }, 
    {
        "LLC_load_misses_var": 4504969147979.228, 
        "LLC_loads_var": 10561893640167.0, 
        "LLC_load_misses_mean": 64591322.15, 
        "cache_misses_mean": 816111243.6, 
        "LLC_store_misses_mean": 167061110.55, 
        "cache_misses_var": 160247119464550.03, 
        "LLC_loads_mean": 205232260.0, 
        "L1_dcache_stores_mean": 7003710722.4, 
        "L1_dcache_load_misses_mean": 2278910609.3, 
        "L1_dcache_load_misses_var": 39356742232258.2, 
        "cache_references_var": 575937488610072.1, 
        "L1_dcache_loads_mean": 32830239122.15, 
        "size": 765245, 
        "accuracy": 0.6190000176429749, 
        "L1_dcache_stores_var": 561611830173781.8, 
        "LLC_store_misses_var": 26779797638319.945, 
        "path": "CNNs/cifar10_models/net_serialization/2conv11_2fc/quantized_graph.pb", 
        "cache_references_mean": 1801184664.65, 
        "name": "cifar10_net_conv11_quant", 
        "quantized": true, 
        "test_time_var": 0.0035233423712603936, 
        "L1_dcache_loads_var": 3566389895470071.5, 
        "test_time_mean": 2.00710854
    }
]