[
    {
        "LLC_load_misses_var": 961211481069.8398, 
        "LLC_loads_var": 8759776031050.361, 
        "LLC_load_misses_mean": 32469106.4, 
        "cache_misses_mean": 699604114.0, 
        "LLC_store_misses_mean": 196637694.6, 
        "cache_misses_var": 79088612072433.6, 
        "LLC_loads_mean": 149737259.8, 
        "L1_dcache_stores_mean": 4083761809.65, 
        "L1_dcache_load_misses_mean": 3760605073.65, 
        "L1_dcache_load_misses_var": 1.2167786534962332e+16, 
        "cache_references_var": 855299212906372.2, 
        "L1_dcache_loads_mean": 37308161289.6, 
        "size": 4387093, 
        "accuracy": 0.7979000210762024, 
        "L1_dcache_stores_var": 256517254658947.2, 
        "LLC_store_misses_var": 5086229354752.641, 
        "path": "CNNs/cifar10_models/net_serialization/cifar_big_conv/output_graph.pb", 
        "cache_references_mean": 1391849102.5, 
        "name": "cifar10_net_big_conv", 
        "quantized": false, 
        "test_time_var": 0.0010063433803816, 
        "L1_dcache_loads_var": 800963144868631.8, 
        "test_time_mean": 1.02916162
    }, 
    {
        "LLC_load_misses_var": 7244950556382.24, 
        "LLC_loads_var": 33575417216079.52, 
        "LLC_load_misses_mean": 74359126.4, 
        "cache_misses_mean": 942774613.95, 
        "LLC_store_misses_mean": 190160551.6, 
        "cache_misses_var": 1439202218130069.5, 
        "LLC_loads_mean": 230132959.7, 
        "L1_dcache_stores_mean": 7862256668.15, 
        "L1_dcache_load_misses_mean": 2817827072.65, 
        "L1_dcache_load_misses_var": 109321885095131.9, 
        "cache_references_var": 734508738678744.6, 
        "L1_dcache_loads_mean": 39990564398.65, 
        "size": 1115311, 
        "accuracy": 0.7799000144004822, 
        "L1_dcache_stores_var": 353092180191789.94, 
        "LLC_store_misses_var": 42448529180221.74, 
        "path": "CNNs/cifar10_models/net_serialization/cifar_big_conv/quantized_graph.pb", 
        "cache_references_mean": 2014051803.55, 
        "name": "cifar10_net_big_conv_quant", 
        "quantized": true, 
        "test_time_var": 0.003395331063885264, 
        "L1_dcache_loads_var": 2555330016679490.5, 
        "test_time_mean": 2.5377693149999994
    }
]