[
    {
        "LLC_load_misses_var": 4373128172244.029, 
        "LLC_loads_var": 51812092053061.695, 
        "LLC_load_misses_mean": 61844710.15, 
        "cache_misses_mean": 874789679.9, 
        "LLC_store_misses_mean": 189836329.85, 
        "cache_misses_var": 75960140505614.78, 
        "LLC_loads_mean": 329174616.9, 
        "L1_dcache_stores_mean": 4751342667.25, 
        "L1_dcache_load_misses_mean": 8900317266.15, 
        "L1_dcache_load_misses_var": 4.750637740539186e+16, 
        "cache_references_var": 2182293218655292.8, 
        "L1_dcache_loads_mean": 64713821906.85, 
        "size": 60651480, 
        "accuracy": 0.9836999773979187, 
        "L1_dcache_stores_var": 183535128493561.38, 
        "LLC_store_misses_var": 3832149743717.327, 
        "path": "CNNs/mnist_models/net_serializations/big_2conv_3fc/output_graph.pb", 
        "cache_references_mean": 2323919883.5, 
        "name": "big_2_conv_3fc", 
        "quantized": false, 
        "test_time_var": 4.267403853953097e-09, 
        "L1_dcache_loads_var": 3239611014437645.0, 
        "test_time_mean": 0.00165188867
    }, 
    {
        "LLC_load_misses_var": 21788821234756.047, 
        "LLC_loads_var": 269791640501112.84, 
        "LLC_load_misses_mean": 94971092.05, 
        "cache_misses_mean": 1847812103.0, 
        "LLC_store_misses_mean": 148183236.05, 
        "cache_misses_var": 2149379909596640.8, 
        "LLC_loads_mean": 307796625.15, 
        "L1_dcache_stores_mean": 8196015187.95, 
        "L1_dcache_load_misses_mean": 5054152672.6, 
        "L1_dcache_load_misses_var": 341375495889792.5, 
        "cache_references_var": 6678708851192598.0, 
        "L1_dcache_loads_mean": 52271148656.45, 
        "size": 15182552, 
        "accuracy": 0.982200026512146, 
        "L1_dcache_stores_var": 1268345697108303.5, 
        "LLC_store_misses_var": 12136791643767.547, 
        "path": "CNNs/mnist_models/net_serializations/big_2conv_3fc/quantized_graph.pb", 
        "cache_references_mean": 3130351644.85, 
        "name": "big_2_conv_3fc_quant", 
        "quantized": true, 
        "test_time_var": 3.7048773839544867e-09, 
        "L1_dcache_loads_var": 8152289509694688.0, 
        "test_time_mean": 0.004178555845
    }
]