[
    {
        "LLC_load_misses_var": 106848698177.51, 
        "LLC_loads_var": 929455199261.2399, 
        "LLC_load_misses_mean": 2739473.3, 
        "cache_misses_mean": 16605425.55, 
        "LLC_store_misses_mean": 3703752.0, 
        "cache_misses_var": 4475468181388.048, 
        "LLC_loads_mean": 9456294.4, 
        "L1_dcache_stores_mean": 53744865.85, 
        "L1_dcache_load_misses_mean": 235122561.8, 
        "L1_dcache_load_misses_var": 99603032244285.55, 
        "cache_references_var": 10610072138802.8, 
        "L1_dcache_loads_mean": 1148093942.25, 
        "size": 5163450, 
        "accuracy": 0.9542999863624573, 
        "L1_dcache_stores_var": 31247349896662.426, 
        "LLC_store_misses_var": 771846787375.1, 
        "path": "CNNs/mnist_models/net_serializations/3fc/output_graph.pb", 
        "cache_references_mean": 57472698.0, 
        "name": "mnist_net_3FC", 
        "quantized": false, 
        "test_time_var": 1.6988656181274994e-11, 
        "L1_dcache_loads_var": 1114151813057710.8, 
        "test_time_mean": 3.9171865e-05
    }, 
    {
        "LLC_load_misses_var": 211904848782.2475, 
        "LLC_loads_var": 4138524579510.1475, 
        "LLC_load_misses_mean": 1700388.55, 
        "cache_misses_mean": 27009885.05, 
        "LLC_store_misses_mean": 4835883.3, 
        "cache_misses_var": 8604044271217.347, 
        "LLC_loads_mean": 5988480.95, 
        "L1_dcache_stores_mean": 154832069.45, 
        "L1_dcache_load_misses_mean": 73140781.95, 
        "L1_dcache_load_misses_var": 17672954357188.445, 
        "cache_references_var": 10882399206524.96, 
        "L1_dcache_loads_mean": 1101976527.2, 
        "size": 1300751, 
        "accuracy": 0.953499972820282, 
        "L1_dcache_stores_var": 202906346527751.56, 
        "LLC_store_misses_var": 1692814512697.21, 
        "path": "CNNs/mnist_models/net_serializations/3fc/quantized_graph.pb", 
        "cache_references_mean": 58501909.8, 
        "name": "mnist_net_3FC_quant", 
        "quantized": true, 
        "test_time_var": 2.51167053604e-11, 
        "L1_dcache_loads_var": 818815202787436.4, 
        "test_time_mean": 8.914316e-05
    }
]