[
    {
        "LLC_load_misses_var": 5712109662.25, 
        "LLC_loads_var": 98406400.0, 
        "LLC_load_misses_mean": 20641922.5, 
        "cache_misses_mean": 619154551.5, 
        "LLC_store_misses_mean": 168192408.5, 
        "cache_misses_var": 980865419382.25, 
        "LLC_loads_mean": 94161259.0, 
        "L1_dcache_stores_mean": 7072262155.5, 
        "L1_dcache_load_misses_mean": 3101661456.5, 
        "L1_dcache_load_misses_var": 95837707236602.25, 
        "cache_references_var": 2002577350500.25, 
        "L1_dcache_loads_mean": 47056443795.5, 
        "size": 6713833, 
        "accuracy": 0.986299991607666, 
        "L1_dcache_stores_var": 1384287550806.25, 
        "LLC_store_misses_var": 6662885502.25, 
        "path": "CNNs/mnist_models/net_serializations/big_conv_small_fc/output_graph.pb", 
        "cache_references_mean": 1108738317.5, 
        "name": "big_conv_small_fc", 
        "quantized": false, 
        "test_time_var": 6.056004201025036e-10, 
        "L1_dcache_loads_var": 30991784051702.25, 
        "test_time_mean": 0.00129485195
    }, 
    {
        "LLC_load_misses_var": 2001424190089.0, 
        "LLC_loads_var": 22797774414102.25, 
        "LLC_load_misses_mean": 40554816.0, 
        "cache_misses_mean": 544286126.0, 
        "LLC_store_misses_mean": 91923495.0, 
        "cache_misses_var": 368890064793121.0, 
        "LLC_loads_mean": 147746418.5, 
        "L1_dcache_stores_mean": 5141012384.0, 
        "L1_dcache_load_misses_mean": 2385292612.5, 
        "L1_dcache_load_misses_var": 1572537318072.25, 
        "cache_references_var": 357445003438656.0, 
        "L1_dcache_loads_mean": 26786828574.0, 
        "size": 1688267, 
        "accuracy": 0.9854999780654907, 
        "L1_dcache_stores_var": 16219789664400.0, 
        "LLC_store_misses_var": 376902677776.0, 
        "path": "CNNs/mnist_models/net_serializations/big_conv_small_fc/quantized_graph.pb", 
        "cache_references_mean": 1299244327.0, 
        "name": "big_conv_small_fc_quant", 
        "quantized": true, 
        "test_time_var": 4.7059325600400115e-09, 
        "L1_dcache_loads_var": 20558262310884.0, 
        "test_time_mean": 0.0019270338999999997
    }
]