[
    {
        "LLC_load_misses_var": 6165265222393.0, 
        "LLC_loads_var": 30077820226560.156, 
        "LLC_load_misses_mean": 33326284.0, 
        "cache_misses_mean": 278622060.25, 
        "LLC_store_misses_mean": 61291989.85, 
        "cache_misses_var": 130637386758276.97, 
        "LLC_loads_mean": 112423886.2, 
        "L1_dcache_stores_mean": 1597214498.75, 
        "L1_dcache_load_misses_mean": 2488559622.05, 
        "L1_dcache_load_misses_var": 4668455118905133.0, 
        "cache_references_var": 457088335802295.4, 
        "L1_dcache_loads_mean": 15876094567.3, 
        "size": 51446230, 
        "accuracy": 0.984499990940094, 
        "L1_dcache_stores_var": 103825123195259.38, 
        "LLC_store_misses_var": 8018061813725.127, 
        "path": "CNNs/mnist_models/net_serializations/small_conv_big_fc/output_graph.pb", 
        "cache_references_mean": 701341901.0, 
        "name": "small_conv_big_fc", 
        "quantized": false, 
        "test_time_var": 1.0266502608938746e-09, 
        "L1_dcache_loads_var": 2199958312837022.5, 
        "test_time_mean": 0.0004608629249999999
    }, 
    {
        "LLC_load_misses_var": 1657858823966.8, 
        "LLC_loads_var": 9501515071534.148, 
        "LLC_load_misses_mean": 24990493.0, 
        "cache_misses_mean": 503338374.8, 
        "LLC_store_misses_mean": 56018601.2, 
        "cache_misses_var": 136638082500816.17, 
        "LLC_loads_mean": 82617924.05, 
        "L1_dcache_stores_mean": 2465438273.6, 
        "L1_dcache_load_misses_mean": 1266539535.75, 
        "L1_dcache_load_misses_var": 251610371562363.0, 
        "cache_references_var": 69803672628152.04, 
        "L1_dcache_loads_mean": 14483187898.9, 
        "size": 12889585, 
        "accuracy": 0.9847999811172485, 
        "L1_dcache_stores_var": 351447641691101.4, 
        "LLC_store_misses_var": 14209379821607.26, 
        "path": "CNNs/mnist_models/net_serializations/small_conv_big_fc/quantized_graph.pb", 
        "cache_references_mean": 889027399.45, 
        "name": "small_conv_big_fc_quant", 
        "quantized": true, 
        "test_time_var": 3.9706658718348995e-09, 
        "L1_dcache_loads_var": 3309871010135933.5, 
        "test_time_mean": 0.0011452040900000002
    }
]